,Year,Month_Num,S,E,I,R
0,2014,1,3673057.0,0.0,373.0,373.0
1,2014,2,3672795.0,373.0,131.0,504.0
2,2014,3,3673018.0,131.0,75.0,579.0
3,2014,4,3673035.0,75.0,57.0,636.0
4,2014,5,3673024.0,57.0,43.0,679.0
5,2014,6,3672991.0,43.0,45.0,724.0
6,2014,7,3672830.0,45.0,102.0,826.0
7,2014,8,3672525.0,102.0,175.0,1001.0
8,2014,9,3671999.0,175.0,314.0,1315.0
9,2014,10,3671370.0,314.0,402.0,1717.0
10,2014,11,3670540.0,402.0,572.0,2289.0
11,2014,12,3670306.0,572.0,318.0,2607.0
12,2015,1,3669710.0,318.0,584.0,3191.0
13,2015,2,3669004.0,584.0,512.0,3703.0
14,2015,3,3668564.0,512.0,512.0,4215.0
15,2015,4,3668052.0,512.0,512.0,4727.0
16,2015,5,3668298.0,512.0,133.0,4860.0
17,2015,6,3668274.0,133.0,268.0,5128.0
18,2015,7,3667011.0,268.0,698.0,5826.0
19,2015,8,3664517.0,698.0,1381.0,7207.0
20,2015,9,3660163.0,1381.0,2526.0,9733.0
21,2015,10,3653766.0,2526.0,3889.0,13622.0
22,2015,11,3651510.0,3889.0,2391.0,16013.0
23,2015,12,3653929.0,2391.0,735.0,16748.0
24,2016,1,3654944.0,735.0,688.0,17436.0
25,2016,2,3654759.0,688.0,460.0,17896.0
26,2016,3,3654879.0,460.0,284.0,18180.0
27,2016,4,3654983.0,284.0,178.0,18358.0
28,2016,5,3655013.0,178.0,127.0,18485.0
29,2016,6,3654815.0,127.0,188.0,18673.0
30,2016,7,3654072.0,188.0,435.0,19108.0
31,2016,8,3652728.0,435.0,766.0,19874.0
32,2016,9,3651921.0,766.0,621.0,20495.0
33,2016,10,3651525.0,621.0,581.0,21076.0
34,2016,11,3651086.0,581.0,530.0,21606.0
35,2016,12,3650809.0,530.0,429.0,22035.0
36,2017,1,3650361.0,429.0,489.0,22524.0
37,2017,2,3650132.0,489.0,329.0,22853.0
38,2017,3,3650165.0,329.0,228.0,23081.0
39,2017,4,3650254.0,228.0,120.0,23201.0
40,2017,5,3650268.0,120.0,107.0,23308.0
41,2017,6,3649994.0,107.0,197.0,23505.0
42,2017,7,3648783.0,197.0,659.0,24164.0
43,2017,8,3647364.0,659.0,808.0,24972.0
44,2017,9,3646685.0,808.0,669.0,25641.0
45,2017,10,3646049.0,669.0,722.0,26363.0
46,2017,11,3644762.0,722.0,978.0,27341.0
47,2017,12,3643692.0,978.0,896.0,28237.0
48,2018,1,3642542.0,896.0,1064.0,29301.0
49,2018,2,3642170.0,1064.0,634.0,29935.0
50,2018,3,3642502.0,634.0,366.0,30301.0
51,2018,4,3642764.0,366.0,186.0,30487.0
52,2018,5,3642816.0,186.0,157.0,30644.0
53,2018,6,3642622.0,157.0,190.0,30834.0
54,2018,7,3641935.0,190.0,422.0,31256.0
55,2018,8,3640907.0,422.0,609.0,31865.0
56,2018,9,3639679.0,609.0,825.0,32690.0
57,2018,10,3638112.0,825.0,1088.0,33778.0
58,2018,11,3636507.0,1088.0,1215.0,34993.0
59,2018,12,3635821.0,1215.0,887.0,35880.0
60,2019,1,3634976.0,887.0,1030.0,36910.0
61,2019,2,3634287.0,1030.0,788.0,37698.0
62,2019,3,3634531.0,788.0,393.0,38091.0
63,2019,4,3634949.0,393.0,185.0,38276.0
64,2019,5,3634842.0,185.0,250.0,38526.0
65,2019,6,3633501.0,250.0,763.0,39289.0
66,2019,7,3626683.0,763.0,3534.0,42823.0
67,2019,8,3617662.0,3534.0,4892.0,47715.0
68,2019,9,3612478.0,4892.0,4359.0,52074.0
69,2019,10,3611826.0,4359.0,2772.0,54846.0
70,2019,11,3612955.0,2772.0,1615.0,56461.0
71,2019,12,3613617.0,1615.0,1055.0,57516.0
72,2020,1,3612576.0,1055.0,1328.0,58844.0
73,2020,2,3612437.0,1328.0,597.0,59441.0
74,2020,3,3613333.0,597.0,216.0,59657.0
75,2020,4,3613868.0,216.0,31.0,59688.0
76,2020,5,3614042.0,31.0,21.0,59709.0
77,2020,6,3613967.0,21.0,53.0,59762.0
78,2020,7,3613870.0,53.0,59.0,59821.0
79,2020,8,3613815.0,59.0,54.0,59875.0
80,2020,9,3613738.0,54.0,68.0,59943.0
81,2020,10,3613514.0,68.0,139.0,60082.0
82,2020,11,3613124.0,139.0,229.0,60311.0
83,2020,12,3612763.0,229.0,250.0,60561.0
84,2021,1,3611992.0,250.0,500.0,61061.0
85,2021,2,3611580.0,500.0,331.0,61392.0
86,2021,3,3611616.0,331.0,232.0,61624.0
87,2021,4,3611741.0,232.0,103.0,61727.0
88,2021,5,3611803.0,103.0,85.0,61812.0
89,2021,6,3611688.0,85.0,109.0,61921.0
90,2021,7,3611413.0,109.0,180.0,62101.0
91,2021,8,3611304.0,180.0,109.0,62210.0
92,2021,9,3611288.0,109.0,98.0,62308.0
93,2021,10,3610889.0,98.0,254.0,62562.0
94,2021,11,3610065.0,254.0,461.0,63023.0
95,2021,12,3609785.0,461.0,267.0,63290.0
96,2022,1,3610052.0,267.0,97.0,63387.0
97,2022,2,3610049.0,97.0,135.0,63522.0
98,2022,3,3609960.0,135.0,93.0,63615.0
99,2022,4,3609859.0,93.0,118.0,63733.0
100,2022,5,3609606.0,118.0,173.0,63906.0
101,2022,6,3608934.0,173.0,395.0,64301.0
102,2022,7,3607155.0,395.0,976.0,65277.0
103,2022,8,3604922.0,976.0,1314.0,66591.0
104,2022,9,3604088.0,1314.0,905.0,67496.0
105,2022,10,3603592.0,905.0,905.0,68401.0
106,2022,11,3603459.0,905.0,519.0,68920.0
107,2022,12,3603646.0,519.0,359.0,69279.0
108,2023,1,3603185.0,359.0,490.0,69769.0
109,2023,2,3603014.0,490.0,265.0,70034.0
110,2023,3,3603060.0,265.0,222.0,70256.0
111,2023,4,3602883.0,222.0,221.0,70477.0
112,2023,5,3602725.0,221.0,190.0,70667.0
113,2023,6,3602222.0,190.0,362.0,71029.0
114,2023,7,3601776.0,362.0,318.0,71347.0
115,2023,8,3601500.0,318.0,319.0,71666.0
116,2023,9,3600948.0,319.0,435.0,72101.0
117,2023,10,3599819.0,435.0,724.0,72825.0
118,2023,11,3598878.0,724.0,688.0,73513.0
119,2023,12,3598700.0,688.0,451.0,73964.0
